pop_data(1:51)

ans =

   1.0e+09 *

   1.269031602380000
   1.293135602380000
   1.312604465150000
   1.350085731940000
   1.387936337890000
   1.426711174370000
   1.466788480700000
   1.508453317120000
   1.551968670450000
   1.597298465000000
   1.644187705100000
   1.692277741090000
   1.741183701570000
   1.790368349860000
   1.839653071340000
   1.889110559470000
   1.939237019210000
   1.990284546350000
   2.042968024730000
   2.097009847440000
   2.151704780630000
   2.205790664190000
   2.258519992730000
   2.310312306490000
   2.362112184740000
   2.414250663680000
   2.467070914000000
   2.520506670990000
   2.574489710890000
   2.628815620990000
   2.683921276190000
   2.740214909130000
   2.799094573970000
   2.862043223850000
   2.929385646940000
   2.998870632280000
   3.067537207230000
   3.130359320510000
   3.178965285010000
   3.206162902400000
   3.212239150020000
   3.201250344310000
   3.180337255560000
   3.160061703120000
   3.148434065840000
   3.146555751600000
   3.149925239680000
   3.151689756730000
   3.148939879470000
   3.140224664860000
   3.126847236200000