pop_tot_data(52:103)

ans =

   1.0e+12 *

   0.002194339088860
   2.556031940152139
   2.578372811061489
   2.621269281813931
   2.665519877211910
   2.711619596422099
   2.759787673116572
   2.809899049570671
   2.861707965681689
   2.915042440582109
   2.970169982858969
   3.027234184687539
   3.086559922594781
   3.148100574560258
   3.211676415865349
   3.276666478298690
   3.342974982698920
   3.410462236376618
   3.478873100535578
   3.547968107751042
   3.617722881079479
   3.688403095324258
   3.760104630185341
   3.832785185442849
   3.905989575701650
   3.980930468064012
   4.053151340309419
   4.128389054703121
   4.204835759681340
   4.281785983802400
   4.360469094189670
   4.439704973858642
   4.522598523484419
   4.606447218393538
   4.691616396860929
   4.777354599331671
   4.863609056875612
   4.946055339970808
   5.028996218574610
   5.116186548580630
   5.195582326928270
   5.263685105713249
   5.325392937398018
   5.443556011656362
   5.526195538532353
   5.611539173614861
   5.694801576170330
   5.775216846829214
   5.852488098020521
   5.929578219109248
   6.005976579124021
   0.002194339088860