pop_data(52:102)

ans =

   1.0e+10 *

   0.000643786331000
   0.913256122760000
   0.921465079392000
   0.938833478331000
   0.958383785872000
   0.979920848846000
   1.003154212210000
   1.027701599319000
   1.053355000892000
   1.079780983612000
   1.106857253198000
   1.134538689182000
   1.163093316046000
   1.192894926198000
   1.224387823127000
   1.257785142613000
   1.293001351245000
   1.329833757652000
   1.367904772600000
   1.406856111953000
   1.446602917700000
   1.487250554105000
   1.529124323997000
   1.572467385213000
   1.617514955039000
   1.664376651135000
   1.713289250750000
   1.764432211605000
   1.817974612936000
   1.874001072362000
   1.932056018138000
   1.992139904912000
   2.054150353098000
   2.117731749078000
   2.182037279767000
   2.246811886812000
   2.312008991139000
   2.377704912343000
   2.443858499225000
   2.509801256494000
   2.574928993068000
   2.638093180022000
   2.698357764352000
   2.755864382527000
   2.811082344776000
   2.864085369909000
   2.914945889373000
   2.963158777901000
   3.009036059689000
   3.054102246019000
   3.098660909494000